{ LIST
    {
        SKEL
             8      8
        0         0         0        
        12        0         0        
        12        12        0        
        0         12        0        
        0         0         24       
        12        0         24       
        12        12        24       
        0         12        24       
        2         0         0        
        2         1         1        
        2         2         2        
        2         3         3        
        2         4         4        
        2         5         5        
        2         6         6        
        2         7         7        
    }
    {appearance{*linewidth 1}
        VECT
            15     30      1
        2 2 2 2 2 2 2 2 2 2 2 2 2 2 2 
        1 0 0 0 0 0 0 0 0 0 0 0 0 0 0 
        10.2404   5.52223   18        10.247    5.58571   18       
        10.247    5.58571   18        10.2528   5.64929   18       
        10.2528   5.64929   18        10.2575   5.71295   18       
        10.2575   5.71295   18        10.2614   5.77667   18       
        10.2614   5.77667   18        10.2642   5.84044   18       
        10.2642   5.84044   18        10.2661   5.90425   18       
        10.2661   5.90425   18        10.2671   5.96808   18       
        10.2671   5.96808   18        10.2671   6.03192   18       
        10.2671   6.03192   18        10.2661   6.09575   18       
        10.2661   6.09575   18        10.2642   6.15956   18       
        10.2642   6.15956   18        10.2614   6.22333   18       
        10.2614   6.22333   18        10.2575   6.28705   18       
        10.2575   6.28705   18        10.2528   6.35071   18       
        10.2528   6.35071   18        10.247    6.41429   18       
        10.247    6.41429   18        10.2404   6.47777   18       
        1.0 1.0 0.0 0
    }
    {appearance{*linewidth 1}
        VECT
            56    112      1
        2 2 2 2 2 2 2 2 2 2 2 2 2 2 2 2 2 2 2 2 2 2 2 2 2 2 2 2 2 2 2 2 2 2 2 2 2 2 2 2 2 2 2 2 2 2 2 2 2 2 2 2 2 2 2 2 
        1 0 0 0 0 0 0 0 0 0 0 0 0 0 0 0 0 0 0 0 0 0 0 0 0 0 0 0 0 0 0 0 0 0 0 0 0 0 0 0 0 0 0 0 0 0 0 0 0 0 0 0 0 0 0 0 
        5.77297   6.36131   18        5.81485   6.38446   18       
        5.81485   6.38446   18        5.85906   6.40277   18       
        5.85906   6.40277   18        5.90505   6.41602   18       
        5.90505   6.41602   18        5.95222   6.42404   18       
        5.95222   6.42404   18        6         6.42672   18       
        6         6.42672   18        6.04778   6.42404   18       
        6.04778   6.42404   18        6.09495   6.41602   18       
        6.09495   6.41602   18        6.14094   6.40277   18       
        6.14094   6.40277   18        6.18515   6.38446   18       
        6.18515   6.38446   18        6.22703   6.36131   18       
        6.22703   6.36131   18        6.26606   6.33362   18       
        6.26606   6.33362   18        6.30174   6.30174   18       
        6.30174   6.30174   18        6.33362   6.26606   18       
        6.33362   6.26606   18        6.36131   6.22703   18       
        6.36131   6.22703   18        6.38446   6.18515   18       
        6.38446   6.18515   18        6.40277   6.14094   18       
        6.40277   6.14094   18        6.41602   6.09495   18       
        6.41602   6.09495   18        6.42404   6.04778   18       
        6.42404   6.04778   18        6.42672   6         18       
        6.42672   6         18        6.42404   5.95222   18       
        6.42404   5.95222   18        6.41602   5.90505   18       
        6.41602   5.90505   18        6.40277   5.85906   18       
        6.40277   5.85906   18        6.38446   5.81485   18       
        6.38446   5.81485   18        6.36131   5.77297   18       
        6.36131   5.77297   18        6.33362   5.73394   18       
        6.33362   5.73394   18        6.30174   5.69826   18       
        6.30174   5.69826   18        6.26606   5.66638   18       
        6.26606   5.66638   18        6.22703   5.63869   18       
        6.22703   5.63869   18        6.18515   5.61554   18       
        6.18515   5.61554   18        6.14094   5.59723   18       
        6.14094   5.59723   18        6.09495   5.58398   18       
        6.09495   5.58398   18        6.04778   5.57596   18       
        6.04778   5.57596   18        6         5.57328   18       
        6         5.57328   18        5.95222   5.57596   18       
        5.95222   5.57596   18        5.90505   5.58398   18       
        5.90505   5.58398   18        5.85906   5.59723   18       
        5.85906   5.59723   18        5.81485   5.61554   18       
        5.81485   5.61554   18        5.77297   5.63869   18       
        5.77297   5.63869   18        5.73394   5.66638   18       
        5.73394   5.66638   18        5.69826   5.69826   18       
        5.69826   5.69826   18        5.66638   5.73394   18       
        5.66638   5.73394   18        5.63869   5.77297   18       
        5.63869   5.77297   18        5.61554   5.81485   18       
        5.61554   5.81485   18        5.59723   5.85906   18       
        5.59723   5.85906   18        5.58398   5.90505   18       
        5.58398   5.90505   18        5.57596   5.95222   18       
        5.57596   5.95222   18        5.57328   6         18       
        5.57328   6         18        5.57596   6.04778   18       
        5.57596   6.04778   18        5.58398   6.09495   18       
        5.58398   6.09495   18        5.59723   6.14094   18       
        5.59723   6.14094   18        5.61554   6.18515   18       
        5.61554   6.18515   18        5.63869   6.22703   18       
        5.63869   6.22703   18        5.66638   6.26606   18       
        5.66638   6.26606   18        5.69826   6.30174   18       
        5.69826   6.30174   18        5.73394   6.33362   18       
        5.73394   6.33362   18        5.77297   6.36131   18       
        1.0 1.0 0.0 0
    }
    {appearance{*linewidth 1}
        VECT
            15     30      1
        2 2 2 2 2 2 2 2 2 2 2 2 2 2 2 
        1 0 0 0 0 0 0 0 0 0 0 0 0 0 0 
        10.2404   6.47777   18        10.2327   6.54115   18       
        10.2327   6.54115   18        10.2242   6.60441   18       
        10.2242   6.60441   18        10.2147   6.66754   18       
        10.2147   6.66754   18        10.2042   6.73051   18       
        10.2042   6.73051   18        10.1928   6.79332   18       
        10.1928   6.79332   18        10.1805   6.85596   18       
        10.1805   6.85596   18        10.1672   6.9184    18       
        10.1672   6.9184    18        10.153    6.98063   18       
        10.153    6.98063   18        10.1379   7.04265   18       
        10.1379   7.04265   18        10.1218   7.10443   18       
        10.1218   7.10443   18        10.1048   7.16597   18       
        10.1048   7.16597   18        10.0869   7.22724   18       
        10.0869   7.22724   18        10.0681   7.28824   18       
        10.0681   7.28824   18        10.0484   7.34896   18       
        10.0484   7.34896   18        10.0277   7.40937   18       
        1.0 1.0 0.0 0
    }
    {appearance{*linewidth 1}
        VECT
            15     30      1
        2 2 2 2 2 2 2 2 2 2 2 2 2 2 2 
        1 0 0 0 0 0 0 0 0 0 0 0 0 0 0 
        10.0277   7.40937   18        10.0062   7.46946   18       
        10.0062   7.46946   18        9.98377   7.52923   18       
        9.98377   7.52923   18        9.96045   7.58865   18       
        9.96045   7.58865   18        9.93624   7.64772   18       
        9.93624   7.64772   18        9.91115   7.70642   18       
        9.91115   7.70642   18        9.88519   7.76474   18       
        9.88519   7.76474   18        9.85836   7.82266   18       
        9.85836   7.82266   18        9.83066   7.88017   18       
        9.83066   7.88017   18        9.8021    7.93727   18       
        9.8021    7.93727   18        9.7727    7.99393   18       
        9.7727    7.99393   18        9.74245   8.05014   18       
        9.74245   8.05014   18        9.71136   8.1059    18       
        9.71136   8.1059    18        9.67944   8.16118   18       
        9.67944   8.16118   18        9.6467    8.21598   18       
        9.6467    8.21598   18        9.61314   8.27029   18       
        1.0 1.0 0.0 0
    }
    {appearance{*linewidth 1}
        VECT
            15     30      1
        2 2 2 2 2 2 2 2 2 2 2 2 2 2 2 
        1 0 0 0 0 0 0 0 0 0 0 0 0 0 0 
        9.61314   8.27029   18        9.57878   8.32408   18       
        9.57878   8.32408   18        9.54361   8.37736   18       
        9.54361   8.37736   18        9.50765   8.4301    18       
        9.50765   8.4301    18        9.4709    8.4823    18       
        9.4709    8.4823    18        9.43338   8.53395   18       
        9.43338   8.53395   18        9.39509   8.58503   18       
        9.39509   8.58503   18        9.35604   8.63553   18       
        9.35604   8.63553   18        9.31624   8.68544   18       
        9.31624   8.68544   18        9.27569   8.73474   18       
        9.27569   8.73474   18        9.23442   8.78344   18       
        9.23442   8.78344   18        9.19242   8.83151   18       
        9.19242   8.83151   18        9.1497    8.87895   18       
        9.1497    8.87895   18        9.10628   8.92575   18       
        9.10628   8.92575   18        9.06217   8.97189   18       
        9.06217   8.97189   18        9.01737   9.01737   18       
        1.0 1.0 0.0 0
    }
    {appearance{*linewidth 1}
        VECT
            15     30      1
        2 2 2 2 2 2 2 2 2 2 2 2 2 2 2 
        1 0 0 0 0 0 0 0 0 0 0 0 0 0 0 
        9.01737   9.01737   18        8.97189   9.06217   18       
        8.97189   9.06217   18        8.92575   9.10628   18       
        8.92575   9.10628   18        8.87895   9.1497    18       
        8.87895   9.1497    18        8.83151   9.19242   18       
        8.83151   9.19242   18        8.78344   9.23442   18       
        8.78344   9.23442   18        8.73474   9.27569   18       
        8.73474   9.27569   18        8.68544   9.31624   18       
        8.68544   9.31624   18        8.63553   9.35604   18       
        8.63553   9.35604   18        8.58503   9.39509   18       
        8.58503   9.39509   18        8.53395   9.43338   18       
        8.53395   9.43338   18        8.4823    9.4709    18       
        8.4823    9.4709    18        8.4301    9.50765   18       
        8.4301    9.50765   18        8.37736   9.54361   18       
        8.37736   9.54361   18        8.32408   9.57878   18       
        8.32408   9.57878   18        8.27029   9.61314   18       
        1.0 1.0 0.0 0
    }
    {appearance{*linewidth 1}
        VECT
            15     30      1
        2 2 2 2 2 2 2 2 2 2 2 2 2 2 2 
        1 0 0 0 0 0 0 0 0 0 0 0 0 0 0 
        8.27029   9.61314   18        8.21598   9.6467    18       
        8.21598   9.6467    18        8.16118   9.67944   18       
        8.16118   9.67944   18        8.1059    9.71136   18       
        8.1059    9.71136   18        8.05014   9.74245   18       
        8.05014   9.74245   18        7.99393   9.7727    18       
        7.99393   9.7727    18        7.93727   9.8021    18       
        7.93727   9.8021    18        7.88017   9.83066   18       
        7.88017   9.83066   18        7.82266   9.85836   18       
        7.82266   9.85836   18        7.76474   9.88519   18       
        7.76474   9.88519   18        7.70642   9.91115   18       
        7.70642   9.91115   18        7.64772   9.93624   18       
        7.64772   9.93624   18        7.58865   9.96045   18       
        7.58865   9.96045   18        7.52923   9.98377   18       
        7.52923   9.98377   18        7.46946   10.0062   18       
        7.46946   10.0062   18        7.40937   10.0277   18       
        1.0 1.0 0.0 0
    }
    {appearance{*linewidth 1}
        VECT
            15     30      1
        2 2 2 2 2 2 2 2 2 2 2 2 2 2 2 
        1 0 0 0 0 0 0 0 0 0 0 0 0 0 0 
        7.40937   10.0277   18        7.34896   10.0484   18       
        7.34896   10.0484   18        7.28824   10.0681   18       
        7.28824   10.0681   18        7.22724   10.0869   18       
        7.22724   10.0869   18        7.16597   10.1048   18       
        7.16597   10.1048   18        7.10443   10.1218   18       
        7.10443   10.1218   18        7.04265   10.1379   18       
        7.04265   10.1379   18        6.98063   10.153    18       
        6.98063   10.153    18        6.9184    10.1672   18       
        6.9184    10.1672   18        6.85596   10.1805   18       
        6.85596   10.1805   18        6.79332   10.1928   18       
        6.79332   10.1928   18        6.73051   10.2042   18       
        6.73051   10.2042   18        6.66754   10.2147   18       
        6.66754   10.2147   18        6.60441   10.2242   18       
        6.60441   10.2242   18        6.54115   10.2327   18       
        6.54115   10.2327   18        6.47777   10.2404   18       
        1.0 1.0 0.0 0
    }
    {appearance{*linewidth 1}
        VECT
            15     30      1
        2 2 2 2 2 2 2 2 2 2 2 2 2 2 2 
        1 0 0 0 0 0 0 0 0 0 0 0 0 0 0 
        6.47777   10.2404   18        6.41429   10.247    18       
        6.41429   10.247    18        6.35071   10.2528   18       
        6.35071   10.2528   18        6.28705   10.2575   18       
        6.28705   10.2575   18        6.22333   10.2614   18       
        6.22333   10.2614   18        6.15956   10.2642   18       
        6.15956   10.2642   18        6.09575   10.2661   18       
        6.09575   10.2661   18        6.03192   10.2671   18       
        6.03192   10.2671   18        5.96808   10.2671   18       
        5.96808   10.2671   18        5.90425   10.2661   18       
        5.90425   10.2661   18        5.84044   10.2642   18       
        5.84044   10.2642   18        5.77667   10.2614   18       
        5.77667   10.2614   18        5.71295   10.2575   18       
        5.71295   10.2575   18        5.64929   10.2528   18       
        5.64929   10.2528   18        5.58571   10.247    18       
        5.58571   10.247    18        5.52223   10.2404   18       
        1.0 1.0 0.0 0
    }
    {appearance{*linewidth 1}
        VECT
            15     30      1
        2 2 2 2 2 2 2 2 2 2 2 2 2 2 2 
        1 0 0 0 0 0 0 0 0 0 0 0 0 0 0 
        5.52223   10.2404   18        5.45885   10.2327   18       
        5.45885   10.2327   18        5.39559   10.2242   18       
        5.39559   10.2242   18        5.33246   10.2147   18       
        5.33246   10.2147   18        5.26949   10.2042   18       
        5.26949   10.2042   18        5.20668   10.1928   18       
        5.20668   10.1928   18        5.14404   10.1805   18       
        5.14404   10.1805   18        5.0816    10.1672   18       
        5.0816    10.1672   18        5.01937   10.153    18       
        5.01937   10.153    18        4.95735   10.1379   18       
        4.95735   10.1379   18        4.89557   10.1218   18       
        4.89557   10.1218   18        4.83403   10.1048   18       
        4.83403   10.1048   18        4.77276   10.0869   18       
        4.77276   10.0869   18        4.71176   10.0681   18       
        4.71176   10.0681   18        4.65104   10.0484   18       
        4.65104   10.0484   18        4.59063   10.0277   18       
        1.0 1.0 0.0 0
    }
    {appearance{*linewidth 1}
        VECT
            15     30      1
        2 2 2 2 2 2 2 2 2 2 2 2 2 2 2 
        1 0 0 0 0 0 0 0 0 0 0 0 0 0 0 
        4.59063   10.0277   18        4.53054   10.0062   18       
        4.53054   10.0062   18        4.47077   9.98377   18       
        4.47077   9.98377   18        4.41135   9.96045   18       
        4.41135   9.96045   18        4.35228   9.93624   18       
        4.35228   9.93624   18        4.29358   9.91115   18       
        4.29358   9.91115   18        4.23526   9.88519   18       
        4.23526   9.88519   18        4.17734   9.85836   18       
        4.17734   9.85836   18        4.11983   9.83066   18       
        4.11983   9.83066   18        4.06273   9.8021    18       
        4.06273   9.8021    18        4.00607   9.7727    18       
        4.00607   9.7727    18        3.94986   9.74245   18       
        3.94986   9.74245   18        3.8941    9.71136   18       
        3.8941    9.71136   18        3.83882   9.67944   18       
        3.83882   9.67944   18        3.78402   9.6467    18       
        3.78402   9.6467    18        3.72971   9.61314   18       
        1.0 1.0 0.0 0
    }
    {appearance{*linewidth 1}
        VECT
            15     30      1
        2 2 2 2 2 2 2 2 2 2 2 2 2 2 2 
        1 0 0 0 0 0 0 0 0 0 0 0 0 0 0 
        3.72971   9.61314   18        3.67592   9.57878   18       
        3.67592   9.57878   18        3.62264   9.54361   18       
        3.62264   9.54361   18        3.5699    9.50765   18       
        3.5699    9.50765   18        3.5177    9.4709    18       
        3.5177    9.4709    18        3.46605   9.43338   18       
        3.46605   9.43338   18        3.41497   9.39509   18       
        3.41497   9.39509   18        3.36447   9.35604   18       
        3.36447   9.35604   18        3.31456   9.31624   18       
        3.31456   9.31624   18        3.26526   9.27569   18       
        3.26526   9.27569   18        3.21656   9.23442   18       
        3.21656   9.23442   18        3.16849   9.19242   18       
        3.16849   9.19242   18        3.12105   9.1497    18       
        3.12105   9.1497    18        3.07425   9.10628   18       
        3.07425   9.10628   18        3.02811   9.06217   18       
        3.02811   9.06217   18        2.98263   9.01737   18       
        1.0 1.0 0.0 0
    }
    {appearance{*linewidth 1}
        VECT
            15     30      1
        2 2 2 2 2 2 2 2 2 2 2 2 2 2 2 
        1 0 0 0 0 0 0 0 0 0 0 0 0 0 0 
        2.98263   9.01737   18        2.93783   8.97189   18       
        2.93783   8.97189   18        2.89372   8.92575   18       
        2.89372   8.92575   18        2.8503    8.87895   18       
        2.8503    8.87895   18        2.80758   8.83151   18       
        2.80758   8.83151   18        2.76558   8.78344   18       
        2.76558   8.78344   18        2.72431   8.73474   18       
        2.72431   8.73474   18        2.68376   8.68544   18       
        2.68376   8.68544   18        2.64396   8.63553   18       
        2.64396   8.63553   18        2.60491   8.58503   18       
        2.60491   8.58503   18        2.56662   8.53395   18       
        2.56662   8.53395   18        2.5291    8.4823    18       
        2.5291    8.4823    18        2.49235   8.4301    18       
        2.49235   8.4301    18        2.45639   8.37736   18       
        2.45639   8.37736   18        2.42122   8.32408   18       
        2.42122   8.32408   18        2.38686   8.27029   18       
        1.0 1.0 0.0 0
    }
    {appearance{*linewidth 1}
        VECT
            15     30      1
        2 2 2 2 2 2 2 2 2 2 2 2 2 2 2 
        1 0 0 0 0 0 0 0 0 0 0 0 0 0 0 
        2.38686   8.27029   18        2.3533    8.21598   18       
        2.3533    8.21598   18        2.32056   8.16118   18       
        2.32056   8.16118   18        2.28864   8.1059    18       
        2.28864   8.1059    18        2.25755   8.05014   18       
        2.25755   8.05014   18        2.2273    7.99393   18       
        2.2273    7.99393   18        2.1979    7.93727   18       
        2.1979    7.93727   18        2.16934   7.88017   18       
        2.16934   7.88017   18        2.14164   7.82266   18       
        2.14164   7.82266   18        2.11481   7.76474   18       
        2.11481   7.76474   18        2.08885   7.70642   18       
        2.08885   7.70642   18        2.06376   7.64772   18       
        2.06376   7.64772   18        2.03955   7.58865   18       
        2.03955   7.58865   18        2.01623   7.52923   18       
        2.01623   7.52923   18        1.9938    7.46946   18       
        1.9938    7.46946   18        1.97226   7.40937   18       
        1.0 1.0 0.0 0
    }
    {appearance{*linewidth 1}
        VECT
            15     30      1
        2 2 2 2 2 2 2 2 2 2 2 2 2 2 2 
        1 0 0 0 0 0 0 0 0 0 0 0 0 0 0 
        1.97226   7.40937   18        1.95163   7.34896   18       
        1.95163   7.34896   18        1.9319    7.28824   18       
        1.9319    7.28824   18        1.91309   7.22724   18       
        1.91309   7.22724   18        1.89518   7.16597   18       
        1.89518   7.16597   18        1.8782    7.10443   18       
        1.8782    7.10443   18        1.86214   7.04265   18       
        1.86214   7.04265   18        1.84701   6.98063   18       
        1.84701   6.98063   18        1.8328    6.9184    18       
        1.8328    6.9184    18        1.81953   6.85596   18       
        1.81953   6.85596   18        1.80719   6.79332   18       
        1.80719   6.79332   18        1.79579   6.73051   18       
        1.79579   6.73051   18        1.78534   6.66754   18       
        1.78534   6.66754   18        1.77582   6.60441   18       
        1.77582   6.60441   18        1.76725   6.54115   18       
        1.76725   6.54115   18        1.75963   6.47777   18       
        1.0 1.0 0.0 0
    }
    {appearance{*linewidth 1}
        VECT
            15     30      1
        2 2 2 2 2 2 2 2 2 2 2 2 2 2 2 
        1 0 0 0 0 0 0 0 0 0 0 0 0 0 0 
        1.75963   6.47777   18        1.75296   6.41429   18       
        1.75296   6.41429   18        1.74724   6.35071   18       
        1.74724   6.35071   18        1.74247   6.28705   18       
        1.74247   6.28705   18        1.73865   6.22333   18       
        1.73865   6.22333   18        1.73578   6.15956   18       
        1.73578   6.15956   18        1.73387   6.09575   18       
        1.73387   6.09575   18        1.73292   6.03192   18       
        1.73292   6.03192   18        1.73292   5.96808   18       
        1.73292   5.96808   18        1.73387   5.90425   18       
        1.73387   5.90425   18        1.73578   5.84044   18       
        1.73578   5.84044   18        1.73865   5.77667   18       
        1.73865   5.77667   18        1.74247   5.71295   18       
        1.74247   5.71295   18        1.74724   5.64929   18       
        1.74724   5.64929   18        1.75296   5.58571   18       
        1.75296   5.58571   18        1.75963   5.52223   18       
        1.0 1.0 0.0 0
    }
    {appearance{*linewidth 1}
        VECT
            15     30      1
        2 2 2 2 2 2 2 2 2 2 2 2 2 2 2 
        1 0 0 0 0 0 0 0 0 0 0 0 0 0 0 
        1.75963   5.52223   18        1.76725   5.45885   18       
        1.76725   5.45885   18        1.77582   5.39559   18       
        1.77582   5.39559   18        1.78534   5.33246   18       
        1.78534   5.33246   18        1.79579   5.26949   18       
        1.79579   5.26949   18        1.80719   5.20668   18       
        1.80719   5.20668   18        1.81953   5.14404   18       
        1.81953   5.14404   18        1.8328    5.0816    18       
        1.8328    5.0816    18        1.84701   5.01937   18       
        1.84701   5.01937   18        1.86214   4.95735   18       
        1.86214   4.95735   18        1.8782    4.89557   18       
        1.8782    4.89557   18        1.89518   4.83403   18       
        1.89518   4.83403   18        1.91309   4.77276   18       
        1.91309   4.77276   18        1.9319    4.71176   18       
        1.9319    4.71176   18        1.95163   4.65104   18       
        1.95163   4.65104   18        1.97226   4.59063   18       
        1.0 1.0 0.0 0
    }
    {appearance{*linewidth 1}
        VECT
            15     30      1
        2 2 2 2 2 2 2 2 2 2 2 2 2 2 2 
        1 0 0 0 0 0 0 0 0 0 0 0 0 0 0 
        1.97226   4.59063   18        1.9938    4.53054   18       
        1.9938    4.53054   18        2.01623   4.47077   18       
        2.01623   4.47077   18        2.03955   4.41135   18       
        2.03955   4.41135   18        2.06376   4.35228   18       
        2.06376   4.35228   18        2.08885   4.29358   18       
        2.08885   4.29358   18        2.11481   4.23526   18       
        2.11481   4.23526   18        2.14164   4.17734   18       
        2.14164   4.17734   18        2.16934   4.11983   18       
        2.16934   4.11983   18        2.1979    4.06273   18       
        2.1979    4.06273   18        2.2273    4.00607   18       
        2.2273    4.00607   18        2.25755   3.94986   18       
        2.25755   3.94986   18        2.28864   3.8941    18       
        2.28864   3.8941    18        2.32056   3.83882   18       
        2.32056   3.83882   18        2.3533    3.78402   18       
        2.3533    3.78402   18        2.38686   3.72971   18       
        1.0 1.0 0.0 0
    }
    {appearance{*linewidth 1}
        VECT
            15     30      1
        2 2 2 2 2 2 2 2 2 2 2 2 2 2 2 
        1 0 0 0 0 0 0 0 0 0 0 0 0 0 0 
        2.38686   3.72971   18        2.42122   3.67592   18       
        2.42122   3.67592   18        2.45639   3.62264   18       
        2.45639   3.62264   18        2.49235   3.5699    18       
        2.49235   3.5699    18        2.5291    3.5177    18       
        2.5291    3.5177    18        2.56662   3.46605   18       
        2.56662   3.46605   18        2.60491   3.41497   18       
        2.60491   3.41497   18        2.64396   3.36447   18       
        2.64396   3.36447   18        2.68376   3.31456   18       
        2.68376   3.31456   18        2.72431   3.26526   18       
        2.72431   3.26526   18        2.76558   3.21656   18       
        2.76558   3.21656   18        2.80758   3.16849   18       
        2.80758   3.16849   18        2.8503    3.12105   18       
        2.8503    3.12105   18        2.89372   3.07425   18       
        2.89372   3.07425   18        2.93783   3.02811   18       
        2.93783   3.02811   18        2.98263   2.98263   18       
        1.0 1.0 0.0 0
    }
    {appearance{*linewidth 1}
        VECT
            15     30      1
        2 2 2 2 2 2 2 2 2 2 2 2 2 2 2 
        1 0 0 0 0 0 0 0 0 0 0 0 0 0 0 
        2.98263   2.98263   18        3.02811   2.93783   18       
        3.02811   2.93783   18        3.07425   2.89372   18       
        3.07425   2.89372   18        3.12105   2.8503    18       
        3.12105   2.8503    18        3.16849   2.80758   18       
        3.16849   2.80758   18        3.21656   2.76558   18       
        3.21656   2.76558   18        3.26526   2.72431   18       
        3.26526   2.72431   18        3.31456   2.68376   18       
        3.31456   2.68376   18        3.36447   2.64396   18       
        3.36447   2.64396   18        3.41497   2.60491   18       
        3.41497   2.60491   18        3.46605   2.56662   18       
        3.46605   2.56662   18        3.5177    2.5291    18       
        3.5177    2.5291    18        3.5699    2.49235   18       
        3.5699    2.49235   18        3.62264   2.45639   18       
        3.62264   2.45639   18        3.67592   2.42122   18       
        3.67592   2.42122   18        3.72971   2.38686   18       
        1.0 1.0 0.0 0
    }
    {appearance{*linewidth 1}
        VECT
            15     30      1
        2 2 2 2 2 2 2 2 2 2 2 2 2 2 2 
        1 0 0 0 0 0 0 0 0 0 0 0 0 0 0 
        3.72971   2.38686   18        3.78402   2.3533    18       
        3.78402   2.3533    18        3.83882   2.32056   18       
        3.83882   2.32056   18        3.8941    2.28864   18       
        3.8941    2.28864   18        3.94986   2.25755   18       
        3.94986   2.25755   18        4.00607   2.2273    18       
        4.00607   2.2273    18        4.06273   2.1979    18       
        4.06273   2.1979    18        4.11983   2.16934   18       
        4.11983   2.16934   18        4.17734   2.14164   18       
        4.17734   2.14164   18        4.23526   2.11481   18       
        4.23526   2.11481   18        4.29358   2.08885   18       
        4.29358   2.08885   18        4.35228   2.06376   18       
        4.35228   2.06376   18        4.41135   2.03955   18       
        4.41135   2.03955   18        4.47077   2.01623   18       
        4.47077   2.01623   18        4.53054   1.9938    18       
        4.53054   1.9938    18        4.59063   1.97226   18       
        1.0 1.0 0.0 0
    }
    {appearance{*linewidth 1}
        VECT
            15     30      1
        2 2 2 2 2 2 2 2 2 2 2 2 2 2 2 
        1 0 0 0 0 0 0 0 0 0 0 0 0 0 0 
        4.59063   1.97226   18        4.65104   1.95163   18       
        4.65104   1.95163   18        4.71176   1.9319    18       
        4.71176   1.9319    18        4.77276   1.91309   18       
        4.77276   1.91309   18        4.83403   1.89518   18       
        4.83403   1.89518   18        4.89557   1.8782    18       
        4.89557   1.8782    18        4.95735   1.86214   18       
        4.95735   1.86214   18        5.01937   1.84701   18       
        5.01937   1.84701   18        5.0816    1.8328    18       
        5.0816    1.8328    18        5.14404   1.81953   18       
        5.14404   1.81953   18        5.20668   1.80719   18       
        5.20668   1.80719   18        5.26949   1.79579   18       
        5.26949   1.79579   18        5.33246   1.78534   18       
        5.33246   1.78534   18        5.39559   1.77582   18       
        5.39559   1.77582   18        5.45885   1.76725   18       
        5.45885   1.76725   18        5.52223   1.75963   18       
        1.0 1.0 0.0 0
    }
    {appearance{*linewidth 1}
        VECT
            15     30      1
        2 2 2 2 2 2 2 2 2 2 2 2 2 2 2 
        1 0 0 0 0 0 0 0 0 0 0 0 0 0 0 
        5.52223   1.75963   18        5.58571   1.75296   18       
        5.58571   1.75296   18        5.64929   1.74724   18       
        5.64929   1.74724   18        5.71295   1.74247   18       
        5.71295   1.74247   18        5.77667   1.73865   18       
        5.77667   1.73865   18        5.84044   1.73578   18       
        5.84044   1.73578   18        5.90425   1.73387   18       
        5.90425   1.73387   18        5.96808   1.73292   18       
        5.96808   1.73292   18        6.03192   1.73292   18       
        6.03192   1.73292   18        6.09575   1.73387   18       
        6.09575   1.73387   18        6.15956   1.73578   18       
        6.15956   1.73578   18        6.22333   1.73865   18       
        6.22333   1.73865   18        6.28705   1.74247   18       
        6.28705   1.74247   18        6.35071   1.74724   18       
        6.35071   1.74724   18        6.41429   1.75296   18       
        6.41429   1.75296   18        6.47777   1.75963   18       
        1.0 1.0 0.0 0
    }
    {appearance{*linewidth 1}
        VECT
            15     30      1
        2 2 2 2 2 2 2 2 2 2 2 2 2 2 2 
        1 0 0 0 0 0 0 0 0 0 0 0 0 0 0 
        6.47777   1.75963   18        6.54115   1.76725   18       
        6.54115   1.76725   18        6.60441   1.77582   18       
        6.60441   1.77582   18        6.66754   1.78534   18       
        6.66754   1.78534   18        6.73051   1.79579   18       
        6.73051   1.79579   18        6.79332   1.80719   18       
        6.79332   1.80719   18        6.85596   1.81953   18       
        6.85596   1.81953   18        6.9184    1.8328    18       
        6.9184    1.8328    18        6.98063   1.84701   18       
        6.98063   1.84701   18        7.04265   1.86214   18       
        7.04265   1.86214   18        7.10443   1.8782    18       
        7.10443   1.8782    18        7.16597   1.89518   18       
        7.16597   1.89518   18        7.22724   1.91309   18       
        7.22724   1.91309   18        7.28824   1.9319    18       
        7.28824   1.9319    18        7.34896   1.95163   18       
        7.34896   1.95163   18        7.40937   1.97226   18       
        1.0 1.0 0.0 0
    }
    {appearance{*linewidth 1}
        VECT
            15     30      1
        2 2 2 2 2 2 2 2 2 2 2 2 2 2 2 
        1 0 0 0 0 0 0 0 0 0 0 0 0 0 0 
        7.40937   1.97226   18        7.46946   1.9938    18       
        7.46946   1.9938    18        7.52923   2.01623   18       
        7.52923   2.01623   18        7.58865   2.03955   18       
        7.58865   2.03955   18        7.64772   2.06376   18       
        7.64772   2.06376   18        7.70642   2.08885   18       
        7.70642   2.08885   18        7.76474   2.11481   18       
        7.76474   2.11481   18        7.82266   2.14164   18       
        7.82266   2.14164   18        7.88017   2.16934   18       
        7.88017   2.16934   18        7.93727   2.1979    18       
        7.93727   2.1979    18        7.99393   2.2273    18       
        7.99393   2.2273    18        8.05014   2.25755   18       
        8.05014   2.25755   18        8.1059    2.28864   18       
        8.1059    2.28864   18        8.16118   2.32056   18       
        8.16118   2.32056   18        8.21598   2.3533    18       
        8.21598   2.3533    18        8.27029   2.38686   18       
        1.0 1.0 0.0 0
    }
    {appearance{*linewidth 1}
        VECT
            15     30      1
        2 2 2 2 2 2 2 2 2 2 2 2 2 2 2 
        1 0 0 0 0 0 0 0 0 0 0 0 0 0 0 
        8.27029   2.38686   18        8.32408   2.42122   18       
        8.32408   2.42122   18        8.37736   2.45639   18       
        8.37736   2.45639   18        8.4301    2.49235   18       
        8.4301    2.49235   18        8.4823    2.5291    18       
        8.4823    2.5291    18        8.53395   2.56662   18       
        8.53395   2.56662   18        8.58503   2.60491   18       
        8.58503   2.60491   18        8.63553   2.64396   18       
        8.63553   2.64396   18        8.68544   2.68376   18       
        8.68544   2.68376   18        8.73474   2.72431   18       
        8.73474   2.72431   18        8.78344   2.76558   18       
        8.78344   2.76558   18        8.83151   2.80758   18       
        8.83151   2.80758   18        8.87895   2.8503    18       
        8.87895   2.8503    18        8.92575   2.89372   18       
        8.92575   2.89372   18        8.97189   2.93783   18       
        8.97189   2.93783   18        9.01737   2.98263   18       
        1.0 1.0 0.0 0
    }
    {appearance{*linewidth 1}
        VECT
            15     30      1
        2 2 2 2 2 2 2 2 2 2 2 2 2 2 2 
        1 0 0 0 0 0 0 0 0 0 0 0 0 0 0 
        9.01737   2.98263   18        9.06217   3.02811   18       
        9.06217   3.02811   18        9.10628   3.07425   18       
        9.10628   3.07425   18        9.1497    3.12105   18       
        9.1497    3.12105   18        9.19242   3.16849   18       
        9.19242   3.16849   18        9.23442   3.21656   18       
        9.23442   3.21656   18        9.27569   3.26526   18       
        9.27569   3.26526   18        9.31624   3.31456   18       
        9.31624   3.31456   18        9.35604   3.36447   18       
        9.35604   3.36447   18        9.39509   3.41497   18       
        9.39509   3.41497   18        9.43338   3.46605   18       
        9.43338   3.46605   18        9.4709    3.5177    18       
        9.4709    3.5177    18        9.50765   3.5699    18       
        9.50765   3.5699    18        9.54361   3.62264   18       
        9.54361   3.62264   18        9.57878   3.67592   18       
        9.57878   3.67592   18        9.61314   3.72971   18       
        1.0 1.0 0.0 0
    }
    {appearance{*linewidth 1}
        VECT
            15     30      1
        2 2 2 2 2 2 2 2 2 2 2 2 2 2 2 
        1 0 0 0 0 0 0 0 0 0 0 0 0 0 0 
        9.61314   3.72971   18        9.6467    3.78402   18       
        9.6467    3.78402   18        9.67944   3.83882   18       
        9.67944   3.83882   18        9.71136   3.8941    18       
        9.71136   3.8941    18        9.74245   3.94986   18       
        9.74245   3.94986   18        9.7727    4.00607   18       
        9.7727    4.00607   18        9.8021    4.06273   18       
        9.8021    4.06273   18        9.83066   4.11983   18       
        9.83066   4.11983   18        9.85836   4.17734   18       
        9.85836   4.17734   18        9.88519   4.23526   18       
        9.88519   4.23526   18        9.91115   4.29358   18       
        9.91115   4.29358   18        9.93624   4.35228   18       
        9.93624   4.35228   18        9.96045   4.41135   18       
        9.96045   4.41135   18        9.98377   4.47077   18       
        9.98377   4.47077   18        10.0062   4.53054   18       
        10.0062   4.53054   18        10.0277   4.59063   18       
        1.0 1.0 0.0 0
    }
    {appearance{*linewidth 1}
        VECT
            15     30      1
        2 2 2 2 2 2 2 2 2 2 2 2 2 2 2 
        1 0 0 0 0 0 0 0 0 0 0 0 0 0 0 
        10.0277   4.59063   18        10.0484   4.65104   18       
        10.0484   4.65104   18        10.0681   4.71176   18       
        10.0681   4.71176   18        10.0869   4.77276   18       
        10.0869   4.77276   18        10.1048   4.83403   18       
        10.1048   4.83403   18        10.1218   4.89557   18       
        10.1218   4.89557   18        10.1379   4.95735   18       
        10.1379   4.95735   18        10.153    5.01937   18       
        10.153    5.01937   18        10.1672   5.0816    18       
        10.1672   5.0816    18        10.1805   5.14404   18       
        10.1805   5.14404   18        10.1928   5.20668   18       
        10.1928   5.20668   18        10.2042   5.26949   18       
        10.2042   5.26949   18        10.2147   5.33246   18       
        10.2147   5.33246   18        10.2242   5.39559   18       
        10.2242   5.39559   18        10.2327   5.45885   18       
        10.2327   5.45885   18        10.2404   5.52223   18       
        1.0 1.0 0.0 0
    }
    {appearance{*linewidth 1}
        VECT
            89    178      1
        2 2 2 2 2 2 2 2 2 2 2 2 2 2 2 2 2 2 2 2 2 2 2 2 2 2 2 2 2 2 2 2 2 2 2 2 2 2 2 2 2 2 2 2 2 2 2 2 2 2 2 2 2 2 2 2 2 2 2 2 2 2 2 2 2 2 2 2 2 2 2 2 2 2 2 2 2 2 2 2 2 2 2 2 2 2 2 2 2 
        1 0 0 0 0 0 0 0 0 0 0 0 0 0 0 0 0 0 0 0 0 0 0 0 0 0 0 0 0 0 0 0 0 0 0 0 0 0 0 0 0 0 0 0 0 0 0 0 0 0 0 0 0 0 0 0 0 0 0 0 0 0 0 0 0 0 0 0 0 0 0 0 0 0 0 0 0 0 0 0 0 0 0 0 0 0 0 0 0 
        10.2404   6.47777   18        10.1927   6.47241   17.9377  
        10.1927   6.47241   17.9377   10.1451   6.46704   17.8753  
        10.1451   6.46704   17.8753   10.0974   6.46167   17.813   
        10.0974   6.46167   17.813    10.0498   6.4563    17.7506  
        10.0498   6.4563    17.7506   10.0021   6.45093   17.6883  
        10.0021   6.45093   17.6883   9.9545    6.44557   17.6259  
        9.9545    6.44557   17.6259   9.90686   6.4402    17.5636  
        9.90686   6.4402    17.5636   9.85921   6.43483   17.5012  
        9.85921   6.43483   17.5012   9.81157   6.42946   17.4389  
        9.81157   6.42946   17.4389   9.76392   6.42409   17.3765  
        9.76392   6.42409   17.3765   9.71628   6.41872   17.3142  
        9.71628   6.41872   17.3142   9.66863   6.41336   17.2518  
        9.66863   6.41336   17.2518   9.62099   6.40799   17.1895  
        9.62099   6.40799   17.1895   9.57334   6.40262   17.1271  
        9.57334   6.40262   17.1271   9.5257    6.39725   17.0648  
        9.5257    6.39725   17.0648   9.47806   6.39188   17.0024  
        9.47806   6.39188   17.0024   9.43041   6.38651   16.9401  
